waypoints:
- task: waypoint_1
  x: 2.387
  y: -0.119
  orientation:
    z: 0.71333
    w: 0.70083
- task: waypoint_2
  x: 0.834
  y: -0.184
  orientation:
    z: 0.7003
    w: 0.71385
- task: HOME
  x: 0.0
  y: 0.0
  orientation:
    z: 0.0
    w: 1.0
